15
2 5 6
2 7 8
2 7 8
2 7 8
2 9 10
3 0 11 12
3 0 13 14
5 1 2 3 11 12
5 1 2 3 13 14
3 4 11 12
3 4 13 14
3 5 7 9
3 5 7 9
3 6 8 10
3 6 8 10
6
0
4
150.0
4
0 5
5 11
11 7
7 1
4
0 6
6 13
13 8
8 1
150.0
4
0 5
5 12
12 7
7 1
4
0 6
6 14
14 8
8 1
150.0
4
0 6
6 13
13 8
8 1
4
0 6
6 13
13 8
8 1
150.0
4
0 6
6 14
14 8
8 1
4
0 6
6 14
14 8
8 1
4
6
150.0
4
4 9
9 11
11 7
7 1
4
4 9
9 11
11 7
7 1
150.0
4
4 9
9 12
12 7
7 1
4
4 9
9 12
12 7
7 1
100.0
4
4 10
10 13
13 8
8 1
4
4 9
9 11
11 7
7 1
100.0
4
4 10
10 14
14 8
8 1
4
4 9
9 12
12 7
7 1
50.0
4
4 10
10 13
13 8
8 1
4
4 10
10 13
13 8
8 1
50.0
4
4 10
10 14
14 8
8 1
4
4 10
10 14
14 8
8 1
11
2
310.0
2
11 7
7 2
2
11 7
7 2
310.0
2
11 7
7 3
2
11 7
7 3
12
2
310.0
2
12 7
7 2
2
12 7
7 2
310.0
2
12 7
7 3
2
12 7
7 3
13
2
310.0
2
13 8
8 2
2
13 8
8 2
310.0
2
13 8
8 3
2
13 8
8 3
14
2
310.0
2
14 8
8 2
2
14 8
8 2
310.0
2
14 8
8 3
2
14 8
8 3
